10 25 1.1286e-05
10 50 1.3742e-05
10 75 1.122e-05
10 100 1.0678e-05
50 25 8.2281e-05
50 50 0.000104461
50 75 0.000116409
50 100 0.000130918
100 25 0.000285531
100 50 0.000351494
100 75 0.000439422
100 100 0.000474567
500 25 0.00767226
500 50 0.0140925
500 75 0.019461
500 100 0.0247134
1000 25 0.0333276
10 25 0.00488536
10 50 0.00161455
10 75 0.00144565
10 25 0.00460943
10 50 0.00221391
10 75 0.00155206
10 100 0.0013802
10 25 0.00592811
10 50 0.00218616
10 75 0.00173164
10 100 0.00145135
10 25 0.00467212
10 50 0.0015326
10 75 0.00132861
10 25 0.00469049
10 50 0.00108104
10 75 0.00215159
