4950 100 0
1 0 6
2 0 5
3 0 9
4 2 2
5 3 5
6 1 9
7 4 1
8 6 8
9 6 5
10 4 4
11 9 7
12 1 3
13 10 4
14 11 7
15 9 9
16 9 3
17 8 4
18 4 9
19 13 2
20 10 1
21 9 8
22 12 9
23 8 9
24 18 5
25 2 6
26 24 2
27 25 5
28 25 3
29 4 6
30 23 4
31 8 4
32 16 1
33 5 6
34 24 1
35 19 1
36 11 7
37 13 9
38 8 5
39 24 7
40 12 7
41 26 9
42 12 6
43 9 5
44 16 1
45 29 1
46 30 6
47 27 6
48 5 1
49 43 3
50 41 6
51 41 4
52 17 3
53 37 8
54 45 2
55 19 9
56 40 9
57 48 5
58 25 3
59 1 7
60 37 9
61 57 7
62 57 8
63 9 3
64 58 7
65 34 2
66 58 7
67 49 4
68 48 5
69 35 3
70 22 6
71 51 9
72 53 7
73 34 2
74 51 3
75 69 3
76 53 6
77 39 1
78 59 5
79 26 7
80 10 1
81 1 2
82 67 1
83 54 5
84 41 4
85 80 4
86 38 9
87 18 6
88 69 2
89 33 5
90 21 4
91 50 9
92 40 9
93 29 5
94 44 8
95 40 5
96 21 2
97 33 6
98 55 8
99 38 3
70 19 1
76 83 7
97 36 9
98 24 8
45 73 8
87 91 8
41 36 9
10 66 2
16 7 3
53 23 8
33 2 1
57 98 6
91 59 6
86 19 8
85 14 7
53 13 8
17 41 8
7 66 7
32 26 9
84 93 5
22 51 9
61 7 5
92 19 1
12 19 4
26 39 3
95 94 7
43 35 1
30 75 3
49 1 5
22 87 7
15 68 2
15 26 6
12 41 9
72 80 7
41 7 9
89 60 4
97 60 4
65 90 3
49 47 8
53 77 7
47 42 7
10 62 1
45 63 8
20 31 8
76 78 2
46 23 5
4 37 4
31 55 1
30 19 7
33 92 9
46 9 6
61 4 6
84 2 9
89 76 3
16 21 7
58 29 6
23 38 3
13 40 4
50 19 8
21 78 7
29 79 8
68 72 5
36 48 1
2 77 2
77 86 3
58 28 9
33 99 9
96 29 4
93 15 9
60 6 5
22 36 3
41 14 1
19 4 2
1 56 2
42 67 3
99 82 2
29 17 9
23 42 6
57 96 4
28 11 6
79 59 2
29 5 6
60 42 4
96 78 4
27 18 4
72 28 3
96 42 7
11 39 3
26 99 1
69 79 1
88 32 9
70 84 2
92 75 8
30 36 1
86 82 1
43 14 7
51 59 1
58 70 6
91 2 8
62 81 2
41 8 1
58 32 3
36 3 2
54 3 6
52 85 7
82 64 2
94 86 5
61 22 7
18 83 5
52 91 5
33 13 1
84 50 3
19 76 5
91 47 6
21 66 8
66 38 6
79 23 6
57 67 6
51 66 3
36 68 8
46 95 4
31 15 7
92 94 8
85 40 9
14 23 1
68 87 5
48 21 1
16 61 8
50 44 8
98 11 3
63 52 8
49 42 2
69 9 4
59 99 3
75 61 8
64 46 8
69 39 7
20 33 3
59 33 4
8 58 9
0 67 3
14 60 2
67 16 8
27 84 8
53 19 8
19 59 7
64 62 1
37 83 8
22 31 7
86 24 6
33 19 7
70 83 8
73 17 4
22 45 2
3 66 8
60 59 3
40 35 2
92 30 9
73 30 7
40 72 5
9 51 5
49 11 3
25 32 7
52 74 6
23 2 4
82 21 7
88 98 2
16 26 7
52 46 5
5 98 1
38 58 1
41 10 5
74 38 1
25 98 2
97 32 1
16 11 6
72 39 9
97 61 2
49 58 1
47 64 5
37 7 6
62 75 8
62 43 1
71 34 4
11 69 9
92 35 7
49 16 4
69 74 5
5 4 2
96 52 3
70 11 6
12 17 5
16 57 2
51 40 1
29 20 9
85 8 1
53 78 2
2 98 9
37 8 5
45 23 9
